execTime: 20:00:00
timeout: 10
cookie: koa:sess=eyJ1c2VySWQiOjE2MDU2NywiX2V4cGlyZSI6MTcyNjY0NzE0MjM3NiwiX21heEFnZSI6MjU5MjAwMDAwMDB9; koa:sess.sig=w8w4vIvJf3zb9HyLmuKrQaE3HF4; _gid=GA1.2.2126694783.1703736282; _gat_gtag_UA_104464600_2=1; _ga=GA1.1.931408257.1700727043; _ga_CZFVKMNT9J=GS1.1.1703736282.2.1.1703736375.0.0.0
